#NEXUS

Begin phylowood;
	drawtype pie
	modeltype biogeography
	areatype discrete
	maptype clean
	pieslicestyle even
	piefillstyle outwards
	timestart -78.1889
	markerradius 200
	minareaval 0.1
End;

Begin bayarea-fig;
	mapheight	100
	mapwidth	150
	canvasheight	2000
	canvaswidth	1000
	minareaval	0.15
	areacolors black
	areatypes 1 1 1 1 1 1 1 1 1 1 1 1 1 1 1 1 1 1 1 1 1 1 1 1 1
	areanames Default
End;

Begin taxa;
	Dimensions ntax=23;
	Taxlabels
		Pan_paniscus
		Hylobates_lar
		Colobus_guereza
		Macaca_mulatta
		Chlorocebus_aethiops
		Callicebus_donacophilus
		Saimiri_sciureus
		Cebus_albifrons
		Aotus_trivirgatus
		Alouatta_palliata
		Tarsius_syrichta
		Propithecus_coquereli
		Varecia_variegata_variegata
		Lemur_catta
		Lepilemur_hubbardorum
		Microcebus_murinus
		Cheirogaleus_major
		Daubentonia_madagascariensis
		Nycticebus_coucang
		Loris_tardigradus
		Perodicticus_potto
		Otolemur_crassicaudatus
		Galago_senegalensis
		;
End;

Begin geo;
	Dimensions ngeo=25;
	Coords
		0	0	-70,
		1	-25	-50,
		2	-45	-60,
		3	60	-125,
		4	40	-80,
		5	60	-70,
		6	25	-105,
		7	70	-40,
		8	50	5,
		9	45	65,
		10	40	90,
		11	20	105,
		12	70	150,
		13	10	-5,
		14	-25	25,
		15	0	35,
		16	25	35,
		17	-20	125,
		18	-30	145,
		19	20	80,
		20	-20	47,
		21	-70	-40,
		22	-70	65,
		23	0	120,
		24	42	174
		;
End;

Begin trees;
	Translate
		0	Pan_paniscus,
		1	Hylobates_lar,
		2	Colobus_guereza,
		3	Macaca_mulatta,
		4	Chlorocebus_aethiops,
		5	Callicebus_donacophilus,
		6	Saimiri_sciureus,
		7	Cebus_albifrons,
		8	Aotus_trivirgatus,
		9	Alouatta_palliata,
		10	Tarsius_syrichta,
		11	Propithecus_coquereli,
		12	Varecia_variegata_variegata,
		13	Lemur_catta,
		14	Lepilemur_hubbardorum,
		15	Microcebus_murinus,
		16	Cheirogaleus_major,
		17	Daubentonia_madagascariensis,
		18	Nycticebus_coucang,
		19	Loris_tardigradus,
		20	Perodicticus_potto,
		21	Otolemur_crassicaudatus,
		22	Galago_senegalensis,
		;
tree TREE1 = (((((((22[&ch={0,0,0,0,0,0,0,0,0,0,0,0,0,1,1,1,0,0,0,0,0,0,0,0,0},&pa={0,0,0,0,0.00019996,0,0.00019996,0.00019996,0,0,0.00019996,0,0,0.0287942,0.986003,0.9998,0,0.00019996,0.00019996,0,0,0,0,0,0}]:16.9889,21[&ch={0,0,0,0,0,0,0,0,0,0,0,0,0,0,1,1,0,0,0,0,0,0,0,0,0},&pa={0,0,0,0,0.00019996,0,0.00019996,0.00019996,0,0,0.00019996,0,0,0.0191962,0.985403,0.9994,0,0.00019996,0.00019996,0,0,0,0,0,0}]:16.9889)[&ch={0,0,0,0,0.00019996,0,0.00019996,0.00019996,0,0,0.00019996,0,0,0.0287942,0.986003,1,0,0.00019996,0.00019996,0,0,0,0,0,0},&pa={0.00019996,0,0,0,0.00019996,0,0.00019996,0.00019996,0,0,0.00019996,0,0,0.0289942,0.00039992,0.9992,0,0.00019996,0,0.00019996,0,0,0,0,0}]:12.6262,20[&ch={0,0,0,0,0,0,0,0,0,0,0,0,0,1,0,1,0,0,0,0,0,0,0,0,0},&pa={0.00019996,0,0,0,0.00019996,0,0.00019996,0.00019996,0,0,0.00019996,0,0,0.0357928,0.00019996,0.9992,0,0.00019996,0,0.00019996,0,0,0,0,0}]:29.6151)[&ch={0.00019996,0,0,0,0.00019996,0,0.00019996,0.00019996,0,0,0.00019996,0,0,0.0357928,0.00039992,0.9992,0,0.00019996,0,0.00019996,0,0,0,0,0},&pa={0.00019996,0,0,0,0,0,0,0,0,0,0,0,0.00019996,0.034793,0,0.983203,0,0.00019996,0,0,0.00479904,0,0.00019996,0,0}]:8.33953,(19[&ch={0,0,0,0,0,0,0,0,0,0,0,0,0,0,0,0,0,0,0,1,0,0,0,0,0},&pa={0,0,0,0.00019996,0,0,0,0.00019996,0,0,0,0.00079984,0.00019996,0.00019996,0,0,0,0,0.00019996,0.790042,0.289142,0.00019996,0.00019996,0.00219956,0}]:30.0816,18[&ch={0,0,0,0,0,0,0,0,0,0,0,1,0,0,0,0,0,0,0,0,0,0,0,1,0},&pa={0,0,0,0.00019996,0,0,0,0.00019996,0,0,0,0.511898,0.00019996,0.00019996,0,0,0,0,0.00019996,0.00659868,0.213157,0.00019996,0.00019996,0.388522,0}]:30.0816)[&ch={0,0,0,0.00019996,0,0,0,0.00019996,0,0,0,0.511898,0.00019996,0.00019996,0,0,0,0,0.00019996,0.790042,0.4997,0.00019996,0.00019996,0.388522,0},&pa={0.00019996,0,0,0,0,0,0,0,0,0,0,0.321136,0.00019996,0,0,0.00039992,0,0.00019996,0,0.546691,0.506699,0,0.00019996,0.226155,0}]:7.87302)[&ch={0.00019996,0,0,0,0,0,0,0,0,0,0,0.321136,0.00019996,0.034793,0,0.983203,0,0.00019996,0,0.546691,0.510698,0,0.00019996,0.226155,0},&pa={0,0.00019996,0.00019996,0,0,0,0.00019996,0.00019996,0,0.00019996,0.00019996,0.0787842,0.00019996,0.034793,0.00019996,0.203759,0,0.00019996,0,0.121376,0.531494,0,0.00019996,0.0357928,0}]:12.9761,17[&ch={0,0,0,0,0,0,0,0,0,0,0,0,0,0,0,0,0,0,0,0,1,0,0,0,0},&pa={0,0.00019996,0.00019996,0,0,0,0.00019996,0.00019996,0,0.00019996,0.00019996,0.00319936,0.00019996,0.00019996,0.00019996,0.00019996,0,0.00019996,0,0.00019996,0.997001,0,0.00019996,0.00019996,0}]:50.9307)[&ch={0,0.00019996,0.00019996,0,0,0,0.00019996,0.00019996,0,0.00019996,0.00019996,0.0787842,0.00019996,0.034993,0.00019996,0.203759,0,0.00019996,0,0.121376,0.997001,0,0.00019996,0.0357928,0},&pa={0,0.00019996,0.00019996,0,0,0,0.00019996,0,0.00019996,0.00019996,0,0.0141972,0.00019996,0.0291942,0.00019996,0.00019996,0,0,0,0.00019996,0.997001,0.00019996,0.00019996,0.00019996,0}]:2.53414,(((16[&ch={0,0,0,0,0,0,0,0,0,0,0,0,0,0,0,0,0,0,0,0,1,0,0,0,0},&pa={0,0,0,0.00019996,0,0,0,0,0.00019996,0.00019996,0,0,0.00019996,0.00019996,0.00019996,0.00019996,0,0,0.00019996,0.00019996,1,0,0.00019996,0,0.00019996}]:21.8473,15[&ch={0,0,0,0,0,0,0,0,0,0,0,0,0,0,0,0,0,0,0,0,1,0,0,0,0},&pa={0,0,0,0.00019996,0,0,0,0,0.00019996,0.00019996,0,0,0.00019996,0.00019996,0.00019996,0.00019996,0,0,0.00019996,0.00019996,1,0,0.00019996,0,0.00019996}]:21.8473)[&ch={0,0,0,0.00019996,0,0,0,0,0.00019996,0.00019996,0,0,0.00019996,0.00019996,0.00019996,0.00019996,0,0,0.00019996,0.00019996,1,0,0.00019996,0,0.00019996},&pa={0.00019996,0,0.00019996,0.00019996,0.00019996,0,0.00019996,0,0,0,0.00019996,0.00019996,0,0,0.00019996,0.00019996,0.00019996,0,0.00019996,0.00019996,1,0.00019996,0,0,0.00019996}]:8.12655,14[&ch={0,0,0,0,0,0,0,0,0,0,0,0,0,0,0,0,0,0,0,0,1,0,0,0,0},&pa={0.00019996,0,0.00019996,0.00019996,0.00019996,0,0.00019996,0,0,0,0.00019996,0.00019996,0,0,0.00019996,0.00019996,0.00019996,0,0.00019996,0.00019996,1,0.00019996,0,0,0.00019996}]:29.9738)[&ch={0.00019996,0,0.00019996,0.00019996,0.00019996,0,0.00019996,0,0,0,0.00019996,0.00019996,0,0,0.00019996,0.00019996,0.00019996,0,0.00019996,0.00019996,1,0.00019996,0,0,0.00019996},&pa={0.00019996,0,0.00019996,0,0,0.00019996,0.00019996,0,0,0,0.00019996,0,0,0,0.00019996,0.00019996,0.00019996,0,0.00019996,0.00019996,0.9998,0.00019996,0,0,0.00019996}]:4.50233,((13[&ch={0,0,0,0,0,0,0,0,0,0,0,0,0,0,0,0,0,0,0,0,1,0,0,0,0},&pa={0,0.00019996,0,0.00019996,0.00019996,0,0,0,0,0.00019996,0.00019996,0,0,0.00019996,0,0,0,0,0,0,1,0.00019996,0,0.00019996,0}]:20.4638,12[&ch={0,0,0,0,0,0,0,0,0,0,0,0,0,0,0,0,0,0,0,0,1,0,0,0,0},&pa={0,0.00019996,0,0.00019996,0.00019996,0,0,0,0,0.00019996,0.00019996,0,0,0.00019996,0,0,0,0,0,0,1,0.00019996,0,0.00019996,0}]:20.4638)[&ch={0,0.00019996,0,0.00019996,0.00019996,0,0,0,0,0.00019996,0.00019996,0,0,0.00019996,0,0,0,0,0,0,1,0.00019996,0,0.00019996,0},&pa={0.00019996,0,0.00019996,0,0,0.00019996,0,0.00019996,0,0.00019996,0,0,0,0,0.00019996,0.00019996,0.00019996,0,0,0,0.9998,0,0,0.00019996,0}]:8.81019,11[&ch={0,0,0,0,0,0,0,0,0,0,0,0,0,0,0,0,0,0,0,0,1,0,0,0,0},&pa={0.00019996,0,0.00019996,0,0,0.00019996,0,0.00019996,0,0.00019996,0,0,0,0,0.00019996,0.00019996,0.00019996,0,0,0,0.9998,0,0,0.00019996,0}]:29.274)[&ch={0.00019996,0,0.00019996,0,0,0.00019996,0,0.00019996,0,0.00019996,0,0,0,0,0.00019996,0.00019996,0.00019996,0,0,0,0.9998,0,0,0.00019996,0},&pa={0.00019996,0,0.00019996,0,0,0.00019996,0.00019996,0,0,0,0.00019996,0,0,0,0.00019996,0.00019996,0.00019996,0,0.00019996,0.00019996,0.9998,0.00019996,0,0,0.00019996}]:5.20216)[&ch={0.00019996,0,0.00019996,0,0,0.00019996,0.00019996,0,0,0,0.00019996,0,0,0,0.00019996,0.00019996,0.00019996,0,0.00019996,0.00019996,0.9998,0.00019996,0,0,0.00019996},&pa={0,0.00019996,0.00019996,0,0,0,0.00019996,0,0.00019996,0.00019996,0,0.00119976,0.00019996,0.00019996,0.00019996,0.00019996,0,0,0,0.00019996,0.9992,0.00019996,0.00019996,0.00019996,0}]:18.9886)[&ch={0,0.00019996,0.00019996,0,0,0,0.00019996,0,0.00019996,0.00019996,0,0.0141972,0.00019996,0.0291942,0.00019996,0.00019996,0,0,0,0.00019996,0.9992,0.00019996,0.00019996,0.00019996,0},&pa={0.00019996,0.00019996,0.00019996,0,0.00019996,0.00019996,0.00019996,0,0.00019996,0.00019996,0,0.0141972,0.00019996,0.0291942,0.00019996,0,0.00019996,0.00019996,0,0,0.9988,0.00019996,0.00019996,0.00019996,0}]:2.32635,10[&ch={0,0,0,0,0,0,0,0,0,0,0,0,0,0,0,0,0,0,0,0,0,0,0,1,0},&pa={0.00019996,0.00019996,0.00019996,0,0.00019996,0.00019996,0.00019996,0,0.00019996,0.00019996,0,0.00039992,0.00019996,0.00019996,0.00039992,0,0.00019996,0.00019996,0,0,0.00019996,0.00019996,0.00019996,0.9996,0}]:55.7912)[&ch={0.00019996,0.00019996,0.00019996,0,0.00019996,0.00019996,0.00019996,0,0.00019996,0.00019996,0,0.0141972,0.00019996,0.0291942,0.00039992,0,0.00019996,0.00019996,0,0,0.9988,0.00019996,0.00019996,0.9996,0},&pa={0,0.00019996,0,0.00019996,0.00019996,0.00019996,0,0,0,0,0,0.00979804,0.00019996,0.0235953,0.00039992,0.00019996,0,0,0,0,0.994201,0.00019996,0,0.972006,0}]:22.3977,(((((9[&ch={1,0,0,0,0,0,0,0,0,0,0,0,0,0,0,0,0,0,0,0,0,0,0,0,0},&pa={0.9998,0.40112,0,0,0,0,0.00019996,0,0,0,0,0,0.00019996,0.00019996,0,0,0.00019996,0.00019996,0,0,0,0,0,0,0.00019996}]:15.213,8[&ch={1,1,0,0,0,0,0,0,0,0,0,0,0,0,0,0,0,0,0,0,0,0,0,0,0},&pa={0.435713,0.965207,0,0,0,0,0.00019996,0,0,0,0,0,0.00019996,0.00019996,0,0,0.00019996,0.00019996,0,0,0,0,0,0,0.00019996}]:15.213)[&ch={0.9998,0.965207,0,0,0,0,0.00019996,0,0,0,0,0,0.00019996,0.00019996,0,0,0.00019996,0.00019996,0,0,0,0,0,0,0.00019996},&pa={0.9998,0.965407,0,0,0.00019996,0.00019996,0,0,0.00019996,0.00019996,0,0.00019996,0,0.00019996,0,0,0,0.00019996,0.00019996,0.00019996,0,0,0,0,0}]:11.0932,7[&ch={1,1,0,0,0,0,0,0,0,0,0,0,0,0,0,0,0,0,0,0,0,0,0,0,0},&pa={0.9998,0.965407,0,0,0.00019996,0.00019996,0,0,0.00019996,0.00019996,0,0.00019996,0,0.00019996,0,0,0,0.00019996,0.00019996,0.00019996,0,0,0,0,0}]:26.3062)[&ch={0.9998,0.965407,0,0,0.00019996,0.00019996,0,0,0.00019996,0.00019996,0,0.00019996,0,0.00019996,0,0,0,0.00019996,0.00019996,0.00019996,0,0,0,0,0},&pa={1,0.965207,0,0.00019996,0.00019996,0.00019996,0,0.00019996,0.00019996,0.00019996,0,0.00019996,0,0.00019996,0,0,0,0,0,0.00019996,0,0,0,0.00019996,0}]:2.58151,6[&ch={1,1,0,0,0,0,0,0,0,0,0,0,0,0,0,0,0,0,0,0,0,0,0,0,0},&pa={0.9996,0.965407,0,0.00019996,0.00019996,0.00019996,0,0.00019996,0.00019996,0.00019996,0,0.00019996,0,0.00019996,0,0,0,0,0,0.00019996,0,0,0,0.00019996,0}]:28.8877)[&ch={1,0.965407,0,0.00019996,0.00019996,0.00019996,0,0.00019996,0.00019996,0.00019996,0,0.00019996,0,0.00019996,0,0,0,0,0,0.00019996,0,0,0,0.00019996,0},&pa={0.9998,0.965007,0,0.00019996,0.00019996,0,0,0.00019996,0,0.00019996,0,0,0,0.00019996,0,0,0,0,0,0.00019996,0,0,0,0.00019996,0}]:3.97111,5[&ch={1,1,0,0,0,0,0,0,0,0,0,0,0,0,0,0,0,0,0,0,0,0,0,0,0},&pa={0.9998,0.965007,0,0.00019996,0.00019996,0,0,0.00019996,0,0.00019996,0,0,0,0.00019996,0,0,0,0,0,0.00019996,0,0,0,0.00019996,0}]:32.8588)[&ch={0.9998,0.965007,0,0.00019996,0.00019996,0,0,0.00019996,0,0.00019996,0,0,0,0.00019996,0,0,0,0,0,0.00019996,0,0,0,0.00019996,0},&pa={0.9996,0.689462,0,0.00019996,0,0.00019996,0.00019996,0,0.00019996,0.00019996,0,0,0,0,0.00019996,0.00019996,0.00019996,0,0,0,0,0,0,0.00339932,0}]:34.8339,(((4[&ch={0,0,0,0,0,0,0,0,0,0,0,0,0,1,1,1,0,0,0,0,0,0,0,0,0},&pa={0,0,0.00019996,0,0,0.00019996,0,0.00019996,0.00019996,0,0.00019996,0,0.00019996,0.9988,0.9994,0.876025,0,0.00019996,0.00019996,0,0.00019996,0,0,0,0}]:18.2067,3[&ch={0,0,0,0,0,0,0,0,0,0,0,1,0,0,0,0,0,0,0,1,0,0,0,0,0},&pa={0,0,0.00019996,0,0,0.00019996,0,0.00019996,0.00019996,0,0.00019996,0.9996,0.00019996,0.00019996,0,0,0,0.00019996,0.00019996,0.126175,0.00019996,0,0,0,0}]:18.2067)[&ch={0,0,0.00019996,0,0,0.00019996,0,0.00019996,0.00019996,0,0.00019996,0.9996,0.00019996,0.9988,0.9994,0.876025,0,0.00039992,0.00019996,0.126175,0.00019996,0,0,0,0},&pa={0,0,0,0,0,0,0.00019996,0,0,0,0.00019996,0.9996,0.00019996,0.9988,0.9994,0.858428,0.00019996,0.00059988,0,0.0129974,0.00019996,0,0,0,0}]:9.64167,2[&ch={0,0,0,0,0,0,0,0,0,0,0,0,0,0,0,1,0,0,0,0,0,0,0,0,0},&pa={0,0,0,0,0,0,0.00019996,0,0,0,0.00019996,0,0.00019996,0.00019996,0,0.9998,0.00019996,0.00039992,0,0,0.00019996,0,0,0,0}]:27.8484)[&ch={0,0,0,0,0,0,0.00019996,0,0,0,0.00019996,0.9996,0.00019996,0.9988,0.9994,0.9998,0.00019996,0.00059988,0,0.0129974,0.00019996,0,0,0,0},&pa={0,0,0.00019996,0,0,0,0,0,0,0.00019996,0,0.9998,0.00019996,0.9982,0.9996,0.9994,0.00019996,0.00039992,0.00019996,0,0,0,0,0,0}]:15.0235,(1[&ch={0,0,0,0,0,0,0,0,0,0,0,1,0,0,0,0,0,0,0,0,0,0,0,0,0},&pa={0.00019996,0,0,0,0,0.00019996,0,0.00019996,0.00019996,0.00019996,0,0.9996,0.00019996,0,0.413717,0,0,0.00019996,0.00019996,0,0.00019996,0.00019996,0,0,0.00019996}]:26.4812,0[&ch={0,0,0,0,0,0,0,0,0,0,0,0,0,1,0,1,0,0,0,0,0,0,0,0,0},&pa={0.00019996,0,0,0,0,0.00019996,0,0.00019996,0.00019996,0.00019996,0,0,0.00019996,0.9982,0.406119,0.9996,0,0.00019996,0.00019996,0,0.00019996,0.00019996,0,0,0.00019996}]:26.4812)[&ch={0.00019996,0,0,0,0,0.00019996,0,0.00019996,0.00019996,0.00019996,0,0.9996,0.00019996,0.9982,0.819836,0.9996,0,0.00019996,0.00019996,0,0.00019996,0.00019996,0,0,0.00019996},&pa={0,0,0.00019996,0,0,0,0,0,0,0.00019996,0,0.9996,0.00019996,0.9982,0.9994,0.9994,0.00019996,0.00039992,0.00019996,0,0,0,0,0,0}]:16.3907)[&ch={0,0,0.00019996,0,0,0,0,0,0,0.00019996,0,0.9998,0.00019996,0.9982,0.9996,0.9994,0.00019996,0.00039992,0.00019996,0,0,0,0,0,0},&pa={0,0.00019996,0,0.00019996,0,0.00019996,0.00019996,0,0.00019996,0.00019996,0,0.990402,0,0.976205,0.9998,0.937612,0.00019996,0,0,0,0,0,0,0.0029994,0}]:24.8209)[&ch={0.9996,0.689462,0,0.00019996,0,0.00019996,0.00019996,0,0.00019996,0.00019996,0,0.990402,0,0.976205,0.9998,0.937612,0.00019996,0,0,0,0,0,0,0.00619876,0},&pa={0.9996,0.674665,0,0.00019996,0.00019996,0.00019996,0,0,0,0,0,0.989802,0.00019996,0.973405,1,0.929414,0,0,0,0,0,0.00019996,0,0.00679864,0}]:10.4961)[&ch={0.9996,0.674665,0,0.00019996,0.00019996,0.00019996,0,0,0,0,0,0.9996,0.00019996,0.996801,1,0.929414,0,0,0,0,0.994201,0.00019996,0,0.978604,0},&pa={0.997201,0.677664,0.00139972,0.00039992,0.00019996,0.00039992,0.00019996,0.00019996,0.0203959,0.00019996,0.00019996,0.992002,0.00019996,0.990802,0.992402,0.929414,0.00019996,0.00019996,0.009998,0.00019996,0.992002,0.00019996,0.00019996,0.974205,0.0119976}]:0;
End;

